image_width: 1280
image_height: 720
camera_name: narrow_stereo
camera_matrix:
  rows: 3
  cols: 3
  data: [1015.92294,    0.     ,  628.08821,
            0.     , 1016.99929,  323.29014,
            0.     ,    0.     ,    1.     ]
distortion_model: plumb_bob
distortion_coefficients:
  rows: 1
  cols: 5
  data: [0.060649, -0.199074, -0.010716, -0.005530, 0.000000]
rectification_matrix:
  rows: 3
  cols: 3
  data: [1., 0., 0.,
         0., 1., 0.,
         0., 0., 1.]
projection_matrix:
  rows: 3
  cols: 4
  data: [1007.22241,    0.     ,  618.95743,    0.     ,
            0.     , 1021.54712,  317.6725 ,    0.     ,
            0.     ,    0.     ,    1.     ,    0.     ]